S4_T21.csv
Top 10 Avg Method
Right Mean: 1660.107
Right Peaks: [1754.605, 1739.239, 1738.715, 1734.078, 1729.036, 1722.955, 1721.593, 1720.689, 1720.487, 1715.633, 1713.181, 1711.93, 1708.123, 1700.367, 1691.152, 1688.325, 1682.684, 1680.632, 1678.673, 1672.105, 1670.075, 1665.458, 1664.199, 1656.423, 1656.271, 1654.155, 1644.107, 1642.408, 1619.051, 1570.997, 1532.164, 1464.581, 1413.428, 1366.122]
Left Mean: 1582.274
Left Peaks: [1703.257, 1680.219, 1669.453, 1667.604, 1660.362, 1655.018, 1652.499, 1644.92, 1635.688, 1629.667, 1622.676, 1619.649, 1616.079, 1614.098, 1612.189, 1609.113, 1604.894, 1598.014, 1597.017, 1592.954, 1584.022, 1581.587, 1579.447, 1572.219, 1565.571, 1560.488, 1556.578, 1551.706, 1536.335, 1519.388, 1483.08, 1389.89, 1338.045, 1293.577]
BW Cutoff Method
Right Mean: 1649.447
Right Peaks: [1721.593, 1711.93, 1413.428, 1665.458, 1720.487, 1729.036, 1713.181, 1700.367, 1722.955, 1734.078, 1464.581, 1654.155, 1754.605, 1670.075, 1644.107, 1715.633, 1738.715, 1532.164, 1570.997, 1664.199, 1739.239, 1720.689, 1366.122, 1287.005, 1708.123, 1682.684, 1619.051, 1672.105, 1678.673, 1656.423, 1642.408, 1688.325, 1691.152, 1680.632, 1656.271]
Left Mean: 1582.274
Left Peaks: [1579.447, 1536.335, 1519.388, 1556.578, 1389.89, 1614.098, 1597.017, 1635.688, 1652.499, 1669.453, 1622.676, 1619.649, 1584.022, 1703.257, 1680.219, 1629.667, 1592.954, 1660.362, 1338.045, 1616.079, 1293.577, 1609.113, 1667.604, 1644.92, 1581.587, 1572.219, 1565.571, 1560.488, 1598.014, 1483.08, 1604.894, 1655.018, 1551.706, 1612.189]

S4_T22.csv
Top 10 Avg Method
Right Mean: 1601.345
Right Peaks: [1704.343, 1685.183, 1671.119, 1669.259, 1663.369, 1660.614, 1659.762, 1658.434, 1657.236, 1656.818, 1651.191, 1649.871, 1646.586, 1641.26, 1640.165, 1639.461, 1634.195, 1632.363, 1624.582, 1622.723, 1620.413, 1614.847, 1609.877, 1609.642, 1609.215, 1605.083, 1600.706, 1600.24, 1600.114, 1597.936, 1591.105, 1588.688, 1580.207, 1573.293, 1563.869, 1560.921, 1560.564, 1542.549, 1531.745, 1525.902, 1523.049, 1511.992, 1488.897, 1399.864, 1381.269]
Left Mean: 1450.852
Left Peaks: [1634.252, 1599.774, 1580.1, 1576.59, 1576.055, 1572.747, 1568.545, 1567.099, 1563.656, 1562.47, 1559.141, 1549.751, 1545.317, 1541.465, 1535.403, 1533.153, 1525.296, 1511.432, 1501.174, 1484.165, 1476.749, 1470.584, 1469.27, 1346.511, 1334.256, 1255.556, 1243.07, 1211.341, 1209.142, 1200.513, 1200.262, 1186.957, 1186.309]
BW Cutoff Method
Right Mean: 1601.345
Right Peaks: [1600.24, 1580.207, 1600.706, 1609.877, 1620.413, 1632.363, 1600.114, 1560.921, 1685.183, 1639.461, 1399.864, 1663.369, 1605.083, 1646.586, 1651.191, 1624.582, 1609.215, 1614.847, 1591.105, 1634.195, 1669.259, 1523.049, 1588.688, 1659.762, 1660.614, 1511.992, 1488.897, 1609.642, 1542.549, 1525.902, 1573.293, 1656.818, 1622.723, 1531.745, 1381.269, 1671.119, 1658.434, 1641.26, 1560.564, 1563.869, 1640.165, 1704.343, 1649.871, 1657.236, 1597.936]
Left Mean: 1527.398
Left Peaks: [1470.584, 1469.27, 1580.1, 1484.165, 1567.099, 1501.174, 1563.656, 1599.774, 1476.749, 1568.545, 1525.296, 1346.511, 1541.465, 1576.59, 1535.403, 1562.47, 1576.055, 1559.141, 1511.432, 1549.751, 1634.252, 1572.747, 1545.317, 1334.256, 1533.153]

S4_T23.csv
Top 10 Avg Method
Right Mean: 1581.087
Right Peaks: [1721.127, 1705.76, 1674.223, 1652.638, 1649.987, 1647.797, 1645.028, 1643.709, 1639.786, 1634.771, 1634.523, 1628.692, 1626.246, 1623.925, 1618.241, 1605.369, 1601.664, 1593.562, 1593.018, 1587.731, 1581.864, 1572.982, 1571.866, 1571.672, 1556.842, 1554.032, 1548.536, 1547.782, 1539.442, 1537.688, 1524.757, 1523.624, 1521.025, 1512.503, 1479.653, 1469.929, 1408.903, 1330.413]
Left Mean: 1490.02
Left Peaks: [1630.186, 1627.667, 1609.115, 1596.085, 1582.361, 1581.442, 1575.94, 1571.374, 1566.008, 1565.867, 1565.262, 1564.131, 1543.165, 1537.251, 1531.289, 1530.14, 1528.747, 1524.097, 1522.62, 1519.034, 1512.104, 1509.495, 1485.579, 1484.902, 1480.685, 1479.202, 1464.746, 1436.388, 1427.079, 1409.0, 1367.827, 1360.56, 1358.312, 1327.298, 1293.068, 1247.967, 1214.744]
BW Cutoff Method
Right Mean: 1581.087
Right Peaks: [1524.757, 1547.782, 1479.653, 1537.688, 1649.987, 1593.018, 1634.523, 1571.866, 1593.562, 1571.672, 1539.442, 1628.692, 1647.797, 1674.223, 1601.664, 1523.624, 1634.771, 1330.413, 1512.503, 1572.982, 1554.032, 1408.903, 1587.731, 1548.536, 1469.929, 1645.028, 1705.76, 1605.369, 1639.786, 1721.127, 1521.025, 1652.638, 1581.864, 1618.241, 1623.925, 1556.842, 1643.709, 1626.246]
Left Mean: 1504.801
Left Peaks: [1358.312, 1464.746, 1582.361, 1543.165, 1509.495, 1327.298, 1575.94, 1566.008, 1581.442, 1564.131, 1571.374, 1596.085, 1436.388, 1519.034, 1512.104, 1293.068, 1537.251, 1565.262, 1524.097, 1427.079, 1565.867, 1485.579, 1531.289, 1627.667, 1630.186, 1480.685, 1479.202, 1609.115, 1530.14, 1528.747, 1522.62, 1409.0, 1484.902, 1367.827, 1360.56]

S4_T24.csv
Top 10 Avg Method
Right Mean: 1551.548
Right Peaks: [1725.106, 1694.638, 1687.243, 1676.794, 1660.615, 1646.419, 1644.126, 1641.906, 1631.602, 1629.256, 1626.945, 1622.072, 1616.141, 1606.379, 1604.184, 1598.88, 1595.894, 1589.814, 1589.259, 1589.024, 1587.656, 1569.2, 1562.713, 1561.5, 1548.586, 1531.017, 1529.366, 1508.41, 1500.706, 1484.385, 1469.972, 1453.186, 1442.701, 1426.978, 1416.082, 1354.922, 1349.519, 1285.35, 1251.823]
Left Mean: 1519.445
Left Peaks: [1633.28, 1606.767, 1606.425, 1603.287, 1601.612, 1596.759, 1596.543, 1595.795, 1589.172, 1584.182, 1576.086, 1568.125, 1564.306, 1559.594, 1558.37, 1557.758, 1553.883, 1550.851, 1536.066, 1532.941, 1530.768, 1529.924, 1528.149, 1520.894, 1520.16, 1510.719, 1510.166, 1489.16, 1482.715, 1473.207, 1458.848, 1453.756, 1435.472, 1404.69, 1402.081, 1390.39, 1389.777, 1367.041, 1288.63]
BW Cutoff Method
Right Mean: 1559.435
Right Peaks: [1589.814, 1561.5, 1500.706, 1569.2, 1606.379, 1589.024, 1484.385, 1622.072, 1508.41, 1604.184, 1725.106, 1646.419, 1349.519, 1589.259, 1595.894, 1587.656, 1644.126, 1285.35, 1631.602, 1616.141, 1660.615, 1548.586, 1641.906, 1629.256, 1626.945, 1469.972, 1416.082, 1529.366, 1354.922, 1426.978, 1442.701, 1694.638, 1687.243, 1531.017, 1598.88, 1676.794, 1453.186, 1562.713]
Left Mean: 1519.445
Left Peaks: [1458.848, 1558.37, 1482.715, 1510.719, 1576.086, 1489.16, 1510.166, 1529.924, 1402.081, 1596.759, 1568.125, 1557.758, 1389.777, 1536.066, 1595.795, 1473.207, 1633.28, 1589.172, 1550.851, 1520.16, 1404.69, 1584.182, 1520.894, 1596.543, 1435.472, 1559.594, 1453.756, 1553.883, 1530.768, 1367.041, 1528.149, 1601.612, 1532.941, 1606.767, 1288.63, 1564.306, 1606.425, 1603.287, 1390.39]

S4_T25.csv
Top 10 Avg Method
Right Mean: 1577.673
Right Peaks: [1664.399, 1656.051, 1653.104, 1651.516, 1641.6, 1639.461, 1635.376, 1635.309, 1633.071, 1630.389, 1623.488, 1623.063, 1618.631, 1603.833, 1591.573, 1587.692, 1587.367, 1587.035, 1585.022, 1583.921, 1580.818, 1575.894, 1574.755, 1565.106, 1560.509, 1549.28, 1543.428, 1539.894, 1539.823, 1537.317, 1524.823, 1520.221, 1331.048, 1266.053]
Left Mean: 1489.677
Left Peaks: [1634.777, 1616.549, 1601.146, 1600.014, 1588.146, 1553.29, 1551.985, 1543.245, 1537.475, 1535.092, 1531.442, 1528.905, 1525.078, 1516.226, 1514.254, 1511.104, 1508.811, 1504.477, 1500.289, 1497.405, 1492.966, 1486.511, 1476.211, 1472.301, 1469.611, 1466.76, 1465.99, 1452.712, 1405.518, 1388.98, 1247.161, 1238.952, 1195.962]
BW Cutoff Method
Right Mean: 1587.116
Right Peaks: [1537.317, 1539.894, 1539.823, 1580.818, 1575.894, 1585.022, 1574.755, 1587.367, 1583.921, 1591.573, 1635.309, 1618.631, 1656.051, 1641.6, 1651.516, 1630.389, 1623.488, 1331.048, 1587.692, 1587.035, 1653.104, 1664.399, 1603.833, 1639.461, 1635.376, 1543.428, 1560.509, 1520.221, 1623.063, 1633.071, 1524.823, 1565.106, 1549.28]
Left Mean: 1515.909
Left Peaks: [1492.966, 1504.477, 1508.811, 1543.245, 1601.146, 1405.518, 1616.549, 1600.014, 1553.29, 1516.226, 1476.211, 1551.985, 1634.777, 1537.475, 1531.442, 1500.289, 1528.905, 1588.146, 1497.405, 1525.078, 1511.104, 1514.254, 1466.76, 1465.99, 1535.092, 1388.98, 1452.712, 1486.511, 1472.301, 1469.611]

